# Conway Game of Life State
# State: Initial 
# Time: Thu Dec 29 20:23:14 2016
# Random state. 
# Seed: 4067474313
# Density: 4.0000000000e-01
0010000111001011110100111100001000101001101010000000011000001000
1001100001011001110000000000011110010110110010110110000100101100
0011000010000100001111100011001000000011000010000100110110001100
0101100000010000001110010001110000001000100101100101011100010010
0011001110010000001110001011111010001110111000000010000000010110
1011011000101001100011011100000010010010001110110010010100010100
1000110000010000000011010110100000000001000110010000000110010101
1001111100101000101101110001011001110000010100001000001111010101
0111110010100001100001111110000000101000001000100111000110110010
0010001000001000000110000000001001100011101000010010000011000001
0011000001011101000000011000010100110100101001010101100000001100
0100100101011001000010000000000000100000011010110001000010011101
0011001110110010010001000001010001000011110010101000000010000000
1100100110001000001000001010000101111011101011000110100000000001
1011010101011000100001000000000100000100000011001110110010011011
1000000101011100001110001000110111100111110111000100100011001111
1000010000000110000000001100101100000000011011100000110010000010
1001101010001100101011000101101101001000101001000111001110100100
1100010110110010110000110000110000001011111001101000001111010100
0011110101111001001001000001010111110000011010111000100000000101
0101010001100010001110011000011000000011101000100110101010000110
0001010100100000001000101001100010100011000101011010101011011101
1000101000100010011001100110010110100011101011111010000001010000
0010001100110110101000001011110000010011110000101000010001010100
1110010000000110111001010000010100000010010100001000000111010111
1100111001001100110011101101000000010100110001100100011110110101
0110101001100101010011001011110111001010010011010101111110101110
1011010111011100001011000010101110001110000000000000001010101101
0010000101010001000000000001001000100001001000001000100000110000
0110010001101000011100000001000000110010111111100111001000100100
1000000100001000000111110010010000111110000110001101001010001101
1110000100000110001001000101000000100101000000011110111000001000
0100011000100010110100010000000001000100001001000011000100101101
1011001101110110100100010010110001100011000001000100010000111000
0100111000101011011001000100100100110101001100110010100011001100
1100000000100101001001011100111110010100111110001010100000000101
1010000001000010010101001101000000000100100100101000101001000011
1010000010101101100001110010011000010101101000010001010100011100
0101001100111111010011110010001110101001000101100000101010001101
0100010000010000000001001001011000010001000010010111011100111000
0011011110000011010000000010111100000111010001110100111011000001
1010000001110000010011110011011000010111111001010110111011000010
0110110000011000011110011101111100000101001010000110110010001001
1000011001000010010001001110010011001111111100010001010110010111
0000001110011001010011001001010000101111010001011010010010011011
1100011100000001100001110010000010110001110101100100000110100010
1001010010101000010011010011000011101111000110101010011101010001
1001000000010100110011100110100011111100111001000100101100110100
1111110101010001000101010010001111001011011111010001000010111010
0000000111110101000010110010001110110100000100100101100000101001
0011100101000100100110000010100000000000010000000010000010001100
0101111000011010111001011010100011000101000100101100000101001001
1100010000111101010001000011011100001001110001111111010100101010
1110101100111011101110000010001100001101011001000011111000100101
0000011111101000100101110001000010000000110010101000001001010101
1000111001111110000010000000000101100010100010100010010001001001
0011001000001000100001100011100011101000100010100001100001101001
0110011010001000000111101010101110000001101100101100100000101011
0100000011000010010010101100111111110100100100110000001110010110
1011100000100000100001000110011011010000000011110010001010010100
1101100101101111010100010111111011000000011001000100010100110000
0001011010001001101010110001010111101001101101101001001010000110
0000001100000101001010101000010101111000100100000000110100101010
0000001000100011100011001010000000001000000010001101100001001101
